10 4159
20 10561
30 14265
40 16677
50 18387
60 19553
70 20465
80 21199
90 21812
100 22280
110 22680
120 23055
130 23307
140 23537
150 23760
160 23975
170 24180
180 24349
190 24515
200 24650
210 24792
220 24900
230 25066
240 25153
250 25279
260 25362
270 25477
280 25551
290 25638
300 25709
310 25745
320 25800
330 25863
340 25924
350 25965
360 26028
370 26079
380 26105
390 26162
400 26198
410 26232
420 26254
430 26259
440 26301
450 26326
460 26336
470 26347
480 26386
490 26392
500 26412
510 26422
520 26443
530 26452
540 26461
550 26468
560 26484
570 26495
580 26507
590 26525
600 26544
610 26550
620 26564
630 26582
640 26603
650 26621
660 26621
670 26625
680 26635
690 26649
700 26649
710 26649
720 26665
730 26669
740 26673
750 26673
760 26673
770 26673
780 26673
790 26682
800 26687
900 26729
1038 26742